[[0, 0, 1.0], [0, 1, 0.52], [0, 2, 0.33], [0, 3, 0.18], [0, 4, 0.44], [0, 5, 0.42], [0, 6, 0.4], [0, 7, 0.22], [0, 8, 0.59], [0, 9, 0.3], [0, 10, 0.27], [0, 11, 0.22], [0, 12, 0.23], [0, 13, 0.54], [0, 14, 0.63], [0, 15, -0.0], [0, 16, 0.24], [1, 0, 0.52], [1, 1, 1.0], [1, 2, 0.22], [1, 3, 0.27], [1, 4, 0.53], [1, 5, 0.41], [1, 6, 0.38], [1, 7, 0.29], [1, 8, 0.36], [1, 9, 0.13], [1, 10, 0.76], [1, 11, 0.78], [1, 12, 0.61], [1, 13, 0.76], [1, 14, 0.87], [1, 15, -0.1], [1, 16, 0.19], [2, 0, 0.33], [2, 1, 0.22], [2, 2, 1.0], [2, 3, 0.45], [2, 4, 0.76], [2, 5, 0.8], [2, 6, 0.88], [2, 7, 0.51], [2, 8, 0.77], [2, 9, 0.45], [2, 10, 0.02], [2, 11, 0.05], [2, 12, 0.04], [2, 13, 0.32], [2, 14, 0.52], [2, 15, 0.48], [2, 16, 0.75], [3, 0, 0.18], [3, 1, 0.27], [3, 2, 0.45], [3, 3, 1.0], [3, 4, 0.66], [3, 5, 0.73], [3, 6, 0.61], [3, 7, 0.57], [3, 8, 0.62], [3, 9, 0.4], [3, 10, 0.33], [3, 11, 0.41], [3, 12, 0.45], [3, 13, 0.33], [3, 14, 0.36], [3, 15, 0.44], [3, 16, 0.45], [4, 0, 0.44], [4, 1, 0.53], [4, 2, 0.76], [4, 3, 0.66], [4, 4, 1.0], [4, 5, 0.93], [4, 6, 0.84], [4, 7, 0.7], [4, 8, 0.84], [4, 9, 0.53], [4, 10, 0.27], [4, 11, 0.34], [4, 12, 0.25], [4, 13, 0.49], [4, 14, 0.69], [4, 15, 0.53], [4, 16, 0.66], [5, 0, 0.42], [5, 1, 0.41], [5, 2, 0.8], [5, 3, 0.73], [5, 4, 0.93], [5, 5, 1.0], [5, 6, 0.85], [5, 7, 0.71], [5, 8, 0.86], [5, 9, 0.58], [5, 10, 0.2], [5, 11, 0.27], [5, 12, 0.26], [5, 13, 0.44], [5, 14, 0.61], [5, 15, 0.53], [5, 16, 0.66], [6, 0, 0.4], [6, 1, 0.38], [6, 2, 0.88], [6, 3, 0.61], [6, 4, 0.84], [6, 5, 0.85], [6, 6, 1.0], [6, 7, 0.56], [6, 8, 0.82], [6, 9, 0.64], [6, 10, 0.13], [6, 11, 0.2], [6, 12, 0.07], [6, 13, 0.34], [6, 14, 0.57], [6, 15, 0.54], [6, 16, 0.76], [7, 0, 0.22], [7, 1, 0.29], [7, 2, 0.51], [7, 3, 0.57], [7, 4, 0.7], [7, 5, 0.71], [7, 6, 0.56], [7, 7, 1.0], [7, 8, 0.66], [7, 9, 0.3], [7, 10, 0.03], [7, 11, 0.2], [7, 12, 0.24], [7, 13, 0.34], [7, 14, 0.45], [7, 15, 0.42], [7, 16, 0.31], [8, 0, 0.59], [8, 1, 0.36], [8, 2, 0.77], [8, 3, 0.62], [8, 4, 0.84], [8, 5, 0.86], [8, 6, 0.82], [8, 7, 0.66], [8, 8, 1.0], [8, 9, 0.65], [8, 10, -0.04], [8, 11, 0.03], [8, 12, 0.01], [8, 13, 0.41], [8, 14, 0.56], [8, 15, 0.55], [8, 16, 0.76], [9, 0, 0.3], [9, 1, 0.13], [9, 2, 0.45], [9, 3, 0.4], [9, 4, 0.53], [9, 5, 0.58], [9, 6, 0.64], [9, 7, 0.3], [9, 8, 0.65], [9, 9, 1.0], [9, 10, -0.11], [9, 11, -0.12], [9, 12, -0.13], [9, 13, -0.05], [9, 14, 0.14], [9, 15, 0.57], [9, 16, 0.79], [10, 0, 0.27], [10, 1, 0.76], [10, 2, 0.02], [10, 3, 0.33], [10, 4, 0.27], [10, 5, 0.2], [10, 6, 0.13], [10, 7, 0.03], [10, 8, -0.04], [10, 9, -0.11], [10, 10, 1.0], [10, 11, 0.95], [10, 12, 0.86], [10, 13, 0.66], [10, 14, 0.63], [10, 15, -0.33], [10, 16, -0.02], [11, 0, 0.22], [11, 1, 0.78], [11, 2, 0.05], [11, 3, 0.41], [11, 4, 0.34], [11, 5, 0.27], [11, 6, 0.2], [11, 7, 0.2], [11, 8, 0.03], [11, 9, -0.12], [11, 10, 0.95], [11, 11, 1.0], [11, 12, 0.86], [11, 13, 0.66], [11, 14, 0.65], [11, 15, -0.2], [11, 16, -0.05], [12, 0, 0.23], [12, 1, 0.61], [12, 2, 0.04], [12, 3, 0.45], [12, 4, 0.25], [12, 5, 0.26], [12, 6, 0.07], [12, 7, 0.24], [12, 8, 0.01], [12, 9, -0.13], [12, 10, 0.86], [12, 11, 0.86], [12, 12, 1.0], [12, 13, 0.53], [12, 14, 0.52], [12, 15, -0.13], [12, 16, -0.09], [13, 0, 0.54], [13, 1, 0.76], [13, 2, 0.32], [13, 3, 0.33], [13, 4, 0.49], [13, 5, 0.44], [13, 6, 0.34], [13, 7, 0.34], [13, 8, 0.41], [13, 9, -0.05], [13, 10, 0.66], [13, 11, 0.66], [13, 12, 0.53], [13, 13, 1.0], [13, 14, 0.9], [13, 15, -0.27], [13, 16, 0.17], [14, 0, 0.63], [14, 1, 0.87], [14, 2, 0.52], [14, 3, 0.36], [14, 4, 0.69], [14, 5, 0.61], [14, 6, 0.57], [14, 7, 0.45], [14, 8, 0.56], [14, 9, 0.14], [14, 10, 0.63], [14, 11, 0.65], [14, 12, 0.52], [14, 13, 0.9], [14, 14, 1.0], [14, 15, -0.08], [14, 16, 0.3], [15, 0, -0.0], [15, 1, -0.1], [15, 2, 0.48], [15, 3, 0.44], [15, 4, 0.53], [15, 5, 0.53], [15, 6, 0.54], [15, 7, 0.42], [15, 8, 0.55], [15, 9, 0.57], [15, 10, -0.33], [15, 11, -0.2], [15, 12, -0.13], [15, 13, -0.27], [15, 14, -0.08], [15, 15, 1.0], [15, 16, 0.58], [16, 0, 0.24], [16, 1, 0.19], [16, 2, 0.75], [16, 3, 0.45], [16, 4, 0.66], [16, 5, 0.66], [16, 6, 0.76], [16, 7, 0.31], [16, 8, 0.76], [16, 9, 0.79], [16, 10, -0.02], [16, 11, -0.05], [16, 12, -0.09], [16, 13, 0.17], [16, 14, 0.3], [16, 15, 0.58], [16, 16, 1.0]]